15931             (UTC, AMB, STY)      (Pass)            0.035714   
37022        (UTC, TSK, AMB, STY)      (Pass)            0.035714   
52237        (UTC, AMB, CTX, STY)      (Pass)            0.035714   
62292        (UTC, AMB, CST, STY)      (Pass)            0.035714   
68797        (UTC, AMB, KRL, STY)      (Pass)            0.035714   
72772        (CFL, UTC, AMB, STY)      (Pass)            0.035714   
77385        (UTC, ALT, AMB, STY)      (Pass)            0.035714   
77413        (UTC, AMB, EGC, STY)      (Pass)            0.035714   
77428        (UTC, SFA, AMB, STY)      (Pass)            0.035714   
106799  (UTC, CTX, STY, TSK, AMB)      (Pass)            0.035714   
127669  (UTC, CST, STY, TSK, AMB)      (Pass)            0.035714   
141191  (UTC, KRL, STY, TSK, AMB)      (Pass)            0.035714   
149470  (CFL, UTC, STY, TSK, AMB)      (Pass)            0.035714   
159138  (UTC, STY, TSK, ALT, AMB)      (Pass)            0.035714   
159200  (UTC, EGC, STY, TSK, AMB)      (Pass)            0.035714   
159233  (UTC, SFA, STY, TSK, AMB)      (Pass)            0.035714   
179106  (UTC, CTX, CST, STY, AMB)      (Pass)            0.035714   
192628  (UTC, CTX, KRL, STY, AMB)      (Pass)            0.035714   
200907  (CFL, UTC, CTX, STY, AMB)      (Pass)            0.035714   
210575  (UTC, CTX, STY, ALT, AMB)      (Pass)            0.035714   

        consequent support   support  confidence      lift  representativity  \
15931             0.421429  0.021429         0.6  1.423729               1.0   
37022             0.421429  0.021429         0.6  1.423729               1.0   
52237             0.421429  0.021429         0.6  1.423729               1.0   
62292             0.421429  0.021429         0.6  1.423729               1.0   
68797             0.421429  0.021429         0.6  1.423729               1.0   
72772             0.421429  0.021429         0.6  1.423729               1.0   
77385             0.421429  0.021429         0.6  1.423729               1.0   
77413             0.421429  0.021429         0.6  1.423729               1.0   
77428             0.421429  0.021429         0.6  1.423729               1.0   
106799            0.421429  0.021429         0.6  1.423729               1.0   
127669            0.421429  0.021429         0.6  1.423729               1.0   
141191            0.421429  0.021429         0.6  1.423729               1.0   
149470            0.421429  0.021429         0.6  1.423729               1.0   
159138            0.421429  0.021429         0.6  1.423729               1.0   
159200            0.421429  0.021429         0.6  1.423729               1.0   
159233            0.421429  0.021429         0.6  1.423729               1.0   
179106            0.421429  0.021429         0.6  1.423729               1.0   
192628            0.421429  0.021429         0.6  1.423729               1.0   
200907            0.421429  0.021429         0.6  1.423729               1.0   
210575            0.421429  0.021429         0.6  1.423729               1.0   

        leverage  conviction  zhangs_metric  jaccard  certainty  kulczynski  
15931   0.006378    1.446429       0.308642  0.04918   0.308642    0.325424  
37022   0.006378    1.446429       0.308642  0.04918   0.308642    0.325424  
52237   0.006378    1.446429       0.308642  0.04918   0.308642    0.325424  
62292   0.006378    1.446429       0.308642  0.04918   0.308642    0.325424  
68797   0.006378    1.446429       0.308642  0.04918   0.308642    0.325424  
72772   0.006378    1.446429       0.308642  0.04918   0.308642    0.325424  
77385   0.006378    1.446429       0.308642  0.04918   0.308642    0.325424  
77413   0.006378    1.446429       0.308642  0.04918   0.308642    0.325424  
77428   0.006378    1.446429       0.308642  0.04918   0.308642    0.325424  
106799  0.006378    1.446429       0.308642  0.04918   0.308642    0.325424  
127669  0.006378    1.446429       0.308642  0.04918   0.308642    0.325424  
141191  0.006378    1.446429       0.308642  0.04918   0.308642    0.325424  
149470  0.006378    1.446429       0.308642  0.04918   0.308642    0.325424  
159138  0.006378    1.446429       0.308642  0.04918   0.308642    0.325424  
159200  0.006378    1.446429       0.308642  0.04918   0.308642    0.325424  
159233  0.006378    1.446429       0.308642  0.04918   0.308642    0.325424  
179106  0.006378    1.446429       0.308642  0.04918   0.308642    0.325424  
192628  0.006378    1.446429       0.308642  0.04918   0.308642    0.325424  
200907  0.006378    1.446429       0.308642  0.04918   0.308642    0.325424  
210575  0.006378    1.446429       0.308642  0.04918   0.308642    0.325424  